,Stock,Close,Value
0,AA,73.5,5.7015127740199105
1,ABEV,2.619999885559082,6.085806194501852
2,ABM,46.02000045776367,40.03107449048183
3,ACH,13.010000228881836,3.2052599164108013
4,ACI,35.27000045776367,16.655019080062466
5,ADM,82.56999969482422,20.321477448769752
6,AEE,87.37999725341797,1.0972566449561618
7,AEM,59.4900016784668,1.0972566449561618
8,AEP,94.73999786376953,5.7015127740199105
9,AFL,60.84000015258789,9.065844089438016
10,AGI,8.069999694824219,3.2052599164108013
11,AGRO,10.920000076293945,29.6259294138164
12,AHH,14.829999923706055,20.321477448769752
13,ALSN,39.5099983215332,20.321477448769752
14,ANF,29.40999984741211,1.0972566449561618
15,AP,6.400000095367432,17.80339663183274
16,APA,37.58000183105469,20.321477448769752
17,AR,25.34000015258789,51.430796244529425
18,ARCO,7.309999942779541,9.065844089438016
19,ARI,13.4399995803833,3.2052599164108013
20,ASB,23.43000030517578,12.267702234426672
21,ASC,3.9700000286102295,13.094570021973109
22,ATI,25.739999771118164,5.7015127740199105
23,AUY,5.300000190734863,13.094570021973109
24,AVT,41.72999954223633,1.0972566449561618
25,AZN,60.38999938964844,5.7015127740199105
26,BBD,4.019999980926514,23.22198729710577
27,BBDO,3.3399999141693115,1.1712139482105046
28,BBL,64.18000030517578,5.04407603360321
29,BBW,15.960000038146973,5.7015127740199105
30,BCC,75.41000366210938,5.7015127740199105
31,BCE,53.04999923706055,20.321477448769752
32,BCH,21.06999969482422,29.6259294138164
33,BCX,10.140000343322754,29.6259294138164
34,BEP,39.91999816894531,3.2052599164108013
35,BHLB,29.850000381469727,1.0972566449561618
36,BHP,65.48999786376953,12.267702234426672
37,BK,50.529998779296875,5.7015127740199105
38,BKH,71.16999816894531,1.0972566449561618
39,BP,27.860000610351562,3.2052599164108013
40,BPT,10.270000457763672,51.430796244529425
41,BRO,63.560001373291016,1.0972566449561618
42,BSAC,20.520000457763672,12.267702234426672
43,BSBR,6.550000190734863,25.64207933128647
44,BSX,41.900001525878906,3.2052599164108013
45,BTO,42.290000915527344,1.0972566449561618
46,BTU,19.860000610351562,12.267702234426672
47,BVN,10.229999542236328,25.64207933128647
48,CAPL,19.34000015258789,5.7015127740199105
49,CBD,4.340000152587891,51.430796244529425
50,CBT,70.69000244140625,12.267702234426672
51,CBZ,39.529998779296875,3.2052599164108013
52,CDR,28.190000534057617,5.7015127740199105
53,CEM,30.149999618530273,3.2052599164108013
54,CEQP,29.5,1.0972566449561618
55,CF,94.93000030517578,40.03107449048183
56,CHK,76.26000213623047,1.0972566449561618
57,CHKR,1.1799999475479126,63.74485068645967
58,CHT,43.119998931884766,3.2052599164108013
59,CIG,2.509999990463257,1.1712139482105046
60,CLF,25.110000610351562,12.267702234426672
61,CLW,29.40999984741211,1.0972566449561618
62,CMC,41.06999969482422,12.267702234426672
63,CMP,60.63999938964844,1.0972566449561618
64,CMS,66.16999816894531,12.267702234426672
65,CNA,46.66999816894531,1.1712139482105046
66,CNC,84.33000183105469,3.2052599164108013
67,CNO,23.530000686645508,3.2052599164108013
68,CNP,28.40999984741211,1.0972566449561618
69,CNQ,57.849998474121094,59.36224438302673
70,CNX,17.520000457763672,25.64207933128647
71,COP,96.55000305175781,12.267702234426672
72,CPAC,6.639999866485596,40.03107449048183
73,CPB,42.810001373291016,9.065844089438016
74,CPF,27.8700008392334,5.7015127740199105
75,CPG,6.639999866485596,21.691185873105635
76,CRT,15.420000076293945,3.2052599164108013
77,CTR,26.440000534057617,5.7015127740199105
78,CUBI,56.470001220703125,9.065844089438016
79,CVE,15.039999961853027,13.094570021973109
80,CVEO,23.06999969482422,1.0972566449561618
81,CYH,11.3100004196167,1.0972566449561618
82,D,81.31999969482422,1.0972566449561618
83,DAC,93.8499984741211,29.6259294138164
84,DAR,73.51000213623047,1.0972566449561618
85,DCI,51.0,1.0972566449561618
86,DIN,71.72000122070312,1.0972566449561618
87,DLNG,2.630000114440918,3.2052599164108013
88,DLX,30.90999984741211,5.7015127740199105
89,DNOW,10.359999656677246,3.2052599164108013
90,DNP,11.329999923706055,16.655019080062466
91,DPG,14.449999809265137,9.690941652527728
92,DRQ,37.81999969482422,12.267702234426672
93,E,28.309999465942383,5.7015127740199105
94,EBS,37.029998779296875,5.7015127740199105
95,EC,16.889999389648438,40.03107449048183
96,EGY,5.550000190734863,40.03107449048183
97,ELP,6.760000228881836,12.267702234426672
98,EMO,25.020000457763672,9.065844089438016
99,ENB,43.91999816894531,40.03107449048183
100,ENLC,8.869999885559082,25.64207933128647
101,ENVA,35.7400016784668,1.0972566449561618
102,ENZ,3.009999990463257,3.4262652792927697
103,EPD,24.579999923706055,1.0972566449561618
104,EPR,51.709999084472656,1.0972566449561618
105,EQT,25.420000076293945,51.430796244529425
106,ETB,16.219999313354492,3.2052599164108013
107,EXC,43.58000183105469,1.0972566449561618
108,FCX,44.52000045776367,1.0972566449561618
109,FE,44.25,20.321477448769752
110,FET,23.110000610351562,5.7015127740199105
111,FLS,33.41999816894531,20.321477448769752
112,FMS,32.099998474121094,5.7015127740199105
113,FMX,78.7699966430664,12.267702234426672
114,FNB,12.850000381469727,1.0972566449561618
115,FNF,47.959999084472656,1.0972566449561618
116,FPL,5.800000190734863,20.321477448769752
117,FRA,12.630000114440918,13.094570021973109
118,FRO,8.039999961853027,5.7015127740199105
119,FT,8.180000305175781,5.7015127740199105
120,GAB,6.980000019073486,6.997793192158605
121,GDL,8.500200271606445,6.5152968107932585
122,GE,92.44999694824219,3.2052599164108013
123,GEF,59.43000030517578,1.0972566449561618
124,GEL,11.5,20.321477448769752
125,GER,11.199999809265137,5.7015127740199105
126,GFI,15.640000343322754,25.64207933128647
127,GGB,5.599999904632568,12.267702234426672
128,GIL,36.70000076293945,5.7015127740199105
129,GNE,6.670000076293945,1.1712139482105046
130,GNT,5.289999961853027,1.1712139482105046
131,GPRK,13.640000343322754,3.2052599164108013
132,GSL,27.450000762939453,5.7015127740199105
133,GTS,35.9900016784668,15.625
134,HAE,51.970001220703125,20.321477448769752
135,HAL,36.36000061035156,29.6259294138164
136,HCC,37.279998779296875,47.10750772921406
137,HEQ,12.359999656677246,9.065844089438016
138,HHS,7.03000020980835,1.0972566449561618
139,HIE,10.279999732971191,20.321477448769752
140,HL,6.5,6.085806194501852
141,HLX,4.820000171661377,5.7015127740199105
142,HP,40.849998474121094,40.03107449048183
143,HRL,50.040000915527344,9.065844089438016
144,HSBC,31.829999923706055,1.0972566449561618
145,HSC,13.699999809265137,5.7015127740199105
146,HXL,53.7599983215332,1.0972566449561618
147,IAG,3.1500000953674316,1.0972566449561618
148,ICL,10.670000076293945,12.267702234426672
149,IHC,57.0099983215332,7.542928274545542
150,IPG,34.16999816894531,1.0972566449561618
151,ITUB,4.849999904632568,31.622776601683793
152,JKS,38.63999938964844,1.0972566449561618
153,JRO,9.380000114440918,9.065844089438016
154,K,60.25,12.267702234426672
155,KEP,9.819999694824219,21.691185873105635
156,KEX,68.87000274658203,1.0972566449561618
157,KGC,5.300000190734863,1.0972566449561618
158,KMF,7.570000171661377,1.253869455853944
159,KMI,17.540000915527344,1.1712139482105046
160,KNOP,15.0600004196167,12.267702234426672
161,KO,58.540000915527344,12.267702234426672
162,KRO,15.25,1.0972566449561618
163,KT,13.220000267028809,5.7015127740199105
164,KYN,8.270000457763672,3.4262652792927697
165,L,61.66999816894531,1.0972566449561618
166,LND,6.449999809265137,59.36224438302673
167,LPG,13.390000343322754,5.7015127740199105
168,LTC,36.439998626708984,5.7015127740199105
169,LVS,32.09000015258789,1.0972566449561618
170,LXU,19.25,29.6259294138164
171,LYG,2.430000066757202,3.2052599164108013
172,MCN,7.840000152587891,1.1712139482105046
173,MFC,19.81999969482422,3.2052599164108013
174,MIXT,12.170000076293945,9.065844089438016
175,MKC,98.19999694824219,1.0972566449561618
176,MN,8.119999885559082,1.1712139482105046
177,MO,50.540000915527344,29.6259294138164
178,MOS,58.099998474121094,20.321477448769752
179,MPC,76.66000366210938,5.7015127740199105
180,MPLX,32.08000183105469,29.6259294138164
181,MRC,11.470000267028809,40.03107449048183
182,MRK,77.77999877929688,1.0972566449561618
183,MRO,22.18000030517578,5.7015127740199105
184,MSB,25.920000076293945,29.6259294138164
185,MSP,22.809999465942383,12.267702234426672
186,MTDR,50.90999984741211,5.7015127740199105
187,MTR,8.989999771118164,6.085806194501852
188,MUR,37.119998931884766,20.321477448769752
189,MVO,9.800000190734863,51.430796244529425
190,NBHC,42.650001525878906,5.7015127740199105
191,NDP,26.780000686645508,40.03107449048183
192,NEM,73.73999786376953,1.0972566449561618
193,NGG,72.88999938964844,5.7015127740199105
194,NGL,2.1600000858306885,9.690941652527728
195,NGS,11.819999694824219,35.83589529324933
196,NJR,43.540000915527344,16.655019080062466
197,NMFC,13.65999984741211,1.1712139482105046
198,NMM,33.29999923706055,20.321477448769752
199,NOA,13.989999771118164,12.267702234426672
200,NOV,19.790000915527344,29.6259294138164
201,NTG,33.63999938964844,12.267702234426672
202,NWE,59.04999923706055,5.7015127740199105
203,OC,90.75,12.267702234426672
204,OFG,27.34000015258789,5.7015127740199105
205,OGS,85.83000183105469,20.321477448769752
206,OHI,28.530000686645508,1.0972566449561618
207,OII,15.180000305175781,5.7015127740199105
208,OKE,64.5199966430664,12.267702234426672
209,OLN,51.630001068115234,1.0972566449561618
210,ORAN,11.569999694824219,17.80339663183274
211,ORI,25.25,5.7015127740199105
212,OXY,55.59000015258789,40.03107449048183
213,PAA,10.550000190734863,1.0972566449561618
214,PBA,35.599998474121094,29.6259294138164
215,PBF,22.8799991607666,1.0972566449561618
216,PBFX,13.180000305175781,20.321477448769752
217,PBR,13.479999542236328,31.622776601683793
218,PBT,12.1899995803833,5.7015127740199105
219,PDS,62.119998931884766,20.321477448769752
220,PEO,19.739999771118164,29.6259294138164
221,PKX,56.95000076293945,1.0972566449561618
222,PM,89.58999633789062,16.655019080062466
223,PNM,45.59000015258789,1.253869455853944
224,PNW,73.2699966430664,1.0972566449561618
225,PTR,46.83000183105469,12.267702234426672
226,RBA,56.93000030517578,12.267702234426672
227,RCI,53.5099983215332,29.6259294138164
228,RENN,21.5,6.085806194501852
229,RES,10.539999961853027,21.691185873105635
230,RGR,71.6500015258789,3.2052599164108013
231,RIO,69.37000274658203,29.6259294138164
232,RJF,98.44999694824219,1.0972566449561618
233,RRC,25.559999465942383,1.0972566449561618
234,RYI,32.2400016784668,5.7015127740199105
235,RYN,42.27000045776367,12.267702234426672
236,SBR,54.08000183105469,20.321477448769752
237,SBS,8.25,1.0972566449561618
238,SD,15.0,5.7015127740199105
239,SHG,30.329999923706055,5.7015127740199105
240,SLCA,15.609999656677246,51.430796244529425
241,SLF,52.95000076293945,12.267702234426672
242,SNP,42.52000045776367,1.0972566449561618
243,SNV,48.02000045776367,5.7015127740199105
244,SOR,40.349998474121094,1.1712139482105046
245,SQM,70.36000061035156,12.267702234426672
246,SR,67.93000030517578,5.7015127740199105
247,SRLP,16.600000381469727,6.085806194501852
248,SSL,21.600000381469727,20.321477448769752
249,STNG,16.959999084472656,25.64207933128647
250,SU,30.729999542236328,20.321477448769752
251,SWN,5.190000057220459,35.83589529324933
252,SXC,8.1899995803833,31.622776601683793
253,TAP,50.810001373291016,1.0972566449561618
254,TARO,46.20000076293945,5.7015127740199105
255,TD,77.19000244140625,1.0972566449561618
256,TDW,21.15999984741211,47.10750772921406
257,TGI,23.030000686645508,1.0972566449561618
258,TGS,5.940000057220459,6.085806194501852
259,THR,17.270000457763672,12.267702234426672
260,TLK,31.989999771118164,16.655019080062466
261,TNK,12.25,29.6259294138164
262,TRGP,65.5999984741211,40.03107449048183
263,TRN,32.209999084472656,29.6259294138164
264,TRP,53.59000015258789,35.83589529324933
265,TTP,26.25,3.2052599164108013
266,TU,25.520000457763672,40.03107449048183
267,TWI,12.680000305175781,1.0972566449561618
268,UHT,59.060001373291016,1.0972566449561618
269,UNM,27.549999237060547,5.7015127740199105
270,USAC,17.329999923706055,12.267702234426672
271,USB,53.95000076293945,3.2052599164108013
272,USM,30.049999237060547,1.0972566449561618
273,USPH,93.25,5.7015127740199105
274,UTL,50.7599983215332,12.267702234426672
275,VAL,45.27000045776367,20.321477448769752
276,VALE,17.799999237060547,63.74485068645967
277,VET,20.200000762939453,40.03107449048183
278,VIV,9.779999732971191,3.4262652792927697
279,VLO,90.55000305175781,12.267702234426672
280,VLRS,15.199999809265137,1.0972566449561618
281,VOC,5.949999809265137,40.03107449048183
282,WEC,93.77999877929688,1.0972566449561618
283,WES,23.18000030517578,5.7015127740199105
284,WF,34.20000076293945,1.0972566449561618
285,WK,93.63999938964844,1.0972566449561618
286,WMB,31.06999969482422,12.267702234426672
287,WOR,57.47999954223633,1.0972566449561618
288,WWE,55.959999084472656,5.7015127740199105
289,X,32.209999084472656,1.0972566449561618
290,XOM,81.87999725341797,29.6259294138164
291,YPF,4.5,1.0972566449561618
292,ZNH,25.809999465942383,1.0972566449561618
