,Stock,Close,Porb
0,AAN,21.649999618530273,0.515625
1,AAT,36.7400016784668,0.511913357400722
2,ABB,32.95000076293945,0.5098115407033224
3,ACI,34.58000183105469,0.5452380952380952
4,ACP,9.710000038146973,0.5030211480362538
5,ACRE,14.779999732971191,0.5016764459346186
6,AED,25.0,0.5083179297597042
7,AEH,24.989999771118164,0.5170618854829381
8,AEL,38.52000045776367,0.5076615589606929
9,AGD,10.600000381469727,0.5049557996249665
10,AHH,14.90999984741211,0.5064814814814815
11,AHL,42.7400016784668,0.5153186274509803
12,AIV,7.199999809265137,0.5028709579933515
13,AL,35.90999984741211,0.5042419771302102
14,ALLY,41.97999954223633,0.5172064777327935
15,ALSN,38.869998931884766,0.5213193885760258
16,AMH,39.15999984741211,0.5197926484448633
17,AMX,18.959999084472656,0.5010518263530311
18,ANF,28.93000030517578,0.5049035115469788
19,AOD,9.1899995803833,0.5075779239348013
20,APAM,36.43000030517578,0.5004476275738585
21,ARMK,35.0,0.50293542074364
22,AVIV,47.529998779296875,0.5137614678899083
23,AVK,15.0600004196167,0.5198084457988681
24,BBN,22.239999771118164,0.516994633273703
25,BEP,40.93000030517578,0.5001275835672365
26,BFK,13.140000343322754,0.5030624744793794
27,BGR,11.239999771118164,0.5091937765205092
28,BGS,26.68000030517578,0.5148785148785149
29,BIT,15.739999771118164,0.5018570102135562
30,BKU,41.349998474121094,0.5075702956020187
31,BLW,14.229999542236328,0.5003380662609872
32,BME,42.29999923706055,0.5020310633213859
33,BOE,10.789999961853027,0.5085671715917557
34,BRP,26.18000030517578,0.5160202360876898
35,BRX,25.079999923706055,0.5104217159476491
36,BST,41.58000183105469,0.5398230088495575
37,BTT,24.459999084472656,0.5008787346221442
38,BUI,23.93000030517578,0.5310372446936323
39,BWP,12.050000190734863,0.5057766367137355
40,BXMX,13.300000190734863,0.5022798176145908
41,CAPL,20.290000915527344,0.5036717062634989
42,CFG,47.279998779296875,0.5217624932831811
43,CFX,38.16999816894531,0.51377210785735
44,CHGG,30.639999389648438,0.5284948855333658
45,CHKR,1.1699999570846558,0.5313653136531366
46,CHT,43.77000045776367,0.5111208024422155
47,CIG,2.5799999237060547,0.5016244314489928
48,CII,19.829999923706055,0.5254747568318666
49,CIM,12.229999542236328,0.5038302887448438
50,CLB,33.58000183105469,0.500782962730974
51,CMRE,16.059999465942383,0.5014409221902018
52,CNK,15.979999542236328,0.5031055900621118
53,CNO,23.219999313354492,0.5030701754385964
54,CODI,22.610000610351562,0.5016931492576192
55,CPN,15.25,0.5006060606060606
56,CRC,43.93000030517578,0.5253731343283582
57,CTQ,25.420000076293945,0.515562649640862
58,CUBE,49.40999984741211,0.5126404494382022
59,CUBS,23.97100067138672,0.521978021978022
60,CUK,16.329999923706055,0.5082458770614693
61,CVI,23.3700008392334,0.5025013896609227
62,CYS,7.309999942779541,0.5062011943040882
63,DAL,32.54999923706055,0.5078336034575905
64,DAN,16.850000381469727,0.5017123287671232
65,DEI,33.22999954223633,0.5138816134101624
66,DEX,8.65999984741211,0.5004304160688666
67,DFP,25.350000381469727,0.5042613636363636
68,DHG,14.970000267028809,0.5327102803738317
69,DIAX,16.06999969482422,0.5207504263786242
70,DKL,41.369998931884766,0.5082179930795848
71,DMB,12.979999542236328,0.5076997112608277
72,DMO,13.649999618530273,0.5051334702258727
73,DOC,16.760000228881836,0.5106282475200756
74,DPG,15.100000381469727,0.5131527287004318
75,DSL,14.15999984741211,0.5115848007414272
76,DTK,25.479999542236328,0.5311324697033013
77,DUKH,25.280000686645508,0.5091698841698842
78,DV,22.809999465942383,0.502262443438914
79,E,29.25,0.5128715905608335
80,EBS,39.540000915527344,0.5049738219895288
81,EC,17.65999984741211,0.504159239453357
82,EDF,5.760000228881836,0.5103168754605748
83,EDI,6.510000228881836,0.5048500881834215
84,EDU,1.1399999856948853,0.5047939880798135
85,EEQ,10.510000228881836,0.524356732450662
86,EFC,17.799999237060547,0.5034234234234234
87,EGL,29.100000381469727,0.5070118662351673
88,EIG,40.689998626708984,0.5010672358591248
89,ELU,25.079999923706055,0.5091819699499165
90,EMD,9.779999732971191,0.501941082438913
91,ENLK,12.050000190734863,0.5037821482602118
92,ENR,29.649999618530273,0.5118906064209274
93,EOI,17.860000610351562,0.5082319255547602
94,EOS,19.860000610351562,0.5173081578310337
95,EOT,19.920000076293945,0.5034035656401945
96,EPD,25.540000915527344,0.5135695764909248
97,ERF,13.59000015258789,0.5118140243902439
98,ESNT,40.86000061035156,0.5120192307692307
99,ETB,16.450000762939453,0.5071499013806706
100,ETG,18.84000015258789,0.5282294489611563
101,ETO,27.040000915527344,0.5344352617079889
102,ETV,15.260000228881836,0.5124192747143567
103,ETW,9.90999984741211,0.5133264992311635
104,ETY,13.40999984741211,0.5145499048137068
105,EVHC,45.9900016784668,0.5234009360374415
106,EVT,26.15999984741211,0.5348164627363737
107,EVTC,38.119998931884766,0.5027372262773723
108,EXG,9.100000381469727,0.5115168539325843
109,FDP,25.09000015258789,0.5022723447231106
110,FE,44.029998779296875,0.5102653980971458
111,FEO,10.260000228881836,0.5051986137030126
112,FFA,19.31999969482422,0.5142520612485276
113,FFC,19.110000610351562,0.5155479305168347
114,FIF,14.569999694824219,0.5173489278752437
115,FLC,19.93000030517578,0.507901179612731
116,FLR,29.079999923706055,0.505831452219714
117,FMN,13.130000114440918,0.5006602112676056
118,FMO,12.119999885559082,0.5093529592149647
119,FNF,46.77000045776367,0.5077300613496932
120,FOF,12.800000190734863,0.5061124694376528
121,FPF,21.030000686645508,0.5155164427975915
122,FTI,7.789999961853027,0.5052204176334106
123,G,41.47999954223633,0.5171745152354571
124,GBAB,19.690000534057617,0.5158124318429662
125,GBL,20.920000076293945,0.5003505082369436
126,GCH,12.369999885559082,0.515625
127,GDOT,26.350000381469727,0.5158511371467953
128,GDV,23.530000686645508,0.5238949966345076
129,GGZ,13.670000076293945,0.504343105320304
130,GIL,37.34000015258789,0.5061538461538462
131,GOF,18.93000030517578,0.5317211948790896
132,GRX,12.25,0.5029957203994294
133,GTS,35.9900016784668,0.5024223425477344
134,GWB,30.8799991607666,0.5197585071350165
135,HASI,48.0,0.5225307237141557
136,HBI,15.359999656677246,0.512674599068805
137,HCC,42.75,0.5242001640689089
138,HEP,17.15999984741211,0.500341452310494
139,HEQ,12.40999984741211,0.5038550501156515
140,HIE,10.699999809265137,0.5267003934794828
141,HLF,33.79999923706055,0.5118881118881119
142,HPF,18.200000762939453,0.5145860145860146
143,HPI,18.43000030517578,0.5208563231074818
144,HPP,27.389999389648438,0.5055210489993098
145,HPS,17.15999984741211,0.5172109443954104
146,HSEB,26.18000030517578,0.5327935222672064
147,HTA,30.610000610351562,0.52875
148,HTD,24.479999542236328,0.5238095238095238
149,HTGC,16.940000534057617,0.5001231830500124
150,HY,34.900001525878906,0.5025380710659898
151,IAE,7.590000152587891,0.5001372495196267
152,IDE,10.760000228881836,0.5051159618008185
153,IGA,9.1899995803833,0.5083969465648855
154,IGR,8.170000076293945,0.5102468560782487
155,INFY,23.84000015258789,0.5112703127730212
156,IR,48.56999969482422,0.5244813278008299
157,ISG,24.850000381469727,0.504375218760938
158,ISP,26.15839958190918,0.5024067388688327
159,ITUB,4.96999979019165,0.5024096385542168
160,IVR,2.259999990463257,0.5117932148626817
161,JCE,15.609999656677246,0.5190818584070797
162,JGH,13.510000228881836,0.5069044879171462
163,JNPR,33.25,0.5041497439519689
164,JPI,22.219999313354492,0.5190252244548953
165,JPS,8.170000076293945,0.5006550218340612
166,JRI,14.5,0.5158597662771286
167,JSD,14.0,0.5054179566563467
168,KAR,17.969999313354492,0.5155217965653897
169,KB,44.380001068115234,0.5011811023622047
170,KED,18.450000762939453,0.517170045510964
171,KIO,14.40999984741211,0.5126829268292683
172,KN,21.219999313354492,0.5077306733167082
173,KRA,46.2400016784668,0.5045961917268549
174,KRO,14.899999618530273,0.5003310527477378
175,KYN,8.760000228881836,0.5016226240148354
176,LDP,22.209999084472656,0.5029965753424658
177,LGI,16.649999618530273,0.5261707988980716
178,LL,15.5,0.5006993006993007
179,MAIN,40.40999984741211,0.5285996055226825
180,MBT,5.5,0.500561377245509
181,MC,45.36000061035156,0.5283307810107197
182,MD,23.479999542236328,0.5094946401225114
183,MFC,19.59000015258789,0.5058738478221579
184,MFD,9.699999809265137,0.5105299699143717
185,MGR,25.59000015258789,0.5070224719101124
186,MGU,23.440000534057617,0.5226205191594561
187,MHI,10.789999961853027,0.5020623281393217
188,MIC,3.7100000381469727,0.5076308992721296
189,MITT,8.970000267028809,0.5022970903522205
190,MMI,45.15999984741211,0.5151661049590756
191,MMP,49.900001525878906,0.5329638830498757
192,MPW,20.610000610351562,0.5200097608589556
193,MVO,12.25,0.500403117441548
194,NBB,19.8799991607666,0.5061468212153144
195,NBHC,41.59000015258789,0.5070182900893236
196,NCR,37.70000076293945,0.502234280242579
197,NCV,4.78000020980835,0.5097777777777778
198,NE,30.920000076293945,0.5026737967914439
199,NFJ,13.699999809265137,0.5160349854227405
200,NIE,25.549999237060547,0.5298426478567553
201,NLY,7.159999847412109,0.503179240419316
202,NMFC,13.710000038146973,0.5007824726134585
203,NOV,21.90999984741211,0.501269035532995
204,NRG,37.650001525878906,0.5106100795755968
205,NRZ,10.329999923706055,0.5101476014760148
206,NS,16.6299991607666,0.5029836381135707
207,NSM,18.270000457763672,0.5003154574132492
208,NSS,24.579999923706055,0.502542764678687
209,OEC,16.34000015258789,0.5045478865703584
210,OIS,7.71999979019165,0.5005742725880551
211,ORC,3.4800000190734863,0.5030274802049371
212,P,8.380000114440918,0.5093134646088345
213,PAA,11.199999809265137,0.5081421817545089
214,PAY,20.600000381469727,0.5204081632653061
215,PBA,36.68000030517578,0.5059901338971107
216,PBF,24.559999465942383,0.5047619047619047
217,PBR,14.199999809265137,0.5100896860986547
218,PCN,15.039999961853027,0.5251169412243237
219,PDI,23.072399139404297,0.5452649144764289
220,PEB,23.59000015258789,0.5011509371917132
221,PFL,10.109999656677246,0.5112016293279023
222,PGP,8.789999961853027,0.5085995085995086
223,PGZ,14.9399995803833,0.5172413793103449
224,PHK,5.695400238037109,0.5212837084911968
225,PHT,8.210000038146973,0.5183784919134635
226,PMF,12.989999771118164,0.5002025111381126
227,PMT,16.280000686645508,0.5120928732666882
228,PNK,32.54999923706055,0.5300813008130081
229,PRO,31.670000076293945,0.5123694337548104
230,PSF,22.149999618530273,0.5107311749727174
231,PSXP,42.0099983215332,0.5002322340919647
232,PTY,14.575699806213379,0.5368782161234992
233,PUK,28.46150016784668,0.5054538731743391
234,RGT,10.619999885559082,0.5070778564206269
235,RLJ,13.789999961853027,0.5044910179640718
236,RM,44.790000915527344,0.5040420371867421
237,RMAX,28.709999084472656,0.5033524904214559
238,RNP,24.479999542236328,0.526705908000872
239,RQI,15.789999961853027,0.5201729106628242
240,RSPP,47.83000183105469,0.52
241,RYI,32.57500076293945,0.5040738728951657
242,SBS,8.40999984741211,0.5007153075822603
243,SC,41.599998474121094,0.5017703591299949
244,SCD,14.039999961853027,0.5139715987173614
245,SCG,47.779998779296875,0.5156431054461182
246,SCM,13.850000381469727,0.5097173144876325
247,SEM,24.450000762939453,0.5019710906701709
248,SFY,15.307499885559082,0.5482517482517483
249,SGF,13.59000015258789,0.5130890052356021
250,SHG,30.440000534057617,0.5073945193562418
251,SHO,11.4350004196167,0.5057390489576014
252,SIX,39.56999969482422,0.5060893098782138
253,SJR,30.389999389648438,0.5004290372404324
254,SKX,37.709999084472656,0.5050738828556168
255,SLCA,15.4399995803833,0.5099049128367671
256,SNN,31.729999542236328,0.508695652173913
257,SNP,44.582000732421875,0.5055129882264997
258,SPR,43.65999984741211,0.5183630640083945
259,SPXX,17.360000610351562,0.5091883614088821
260,SRC,46.959999084472656,0.513152220784821
261,STAG,39.959999084472656,0.5260999254287845
262,STK,29.389999389648438,0.5200929923613418
263,STOR,29.510000228881836,0.5351648351648352
264,STWD,23.1299991607666,0.5125121871953201
265,SUN,42.349998474121094,0.5025619128949615
266,SWI,11.170000076293945,0.5167064439140812
267,SYF,35.220001220703125,0.5168421052631579
268,SZC,43.97999954223633,0.5101162290142057
269,TAL,2.280100107192993,0.5149041873669269
270,TDC,45.42499923706055,0.5109327428729588
271,THQ,21.299999237060547,0.5074946466809421
272,THR,18.1299991607666,0.5035224323322209
273,THS,33.970001220703125,0.506934481109517
274,TMHC,30.969999313354492,0.504950495049505
275,TPH,22.530000686645508,0.509475539885412
276,TPVG,17.114999771118164,0.505332656170645
277,TPX,32.15999984741211,0.5208424747696359
278,TPZ,14.1899995803833,0.5016244314489928
279,TS,28.579999923706055,0.5143630308076603
280,TSE,49.11470031738281,0.505974025974026
281,TSLX,23.059999465942383,0.5100671140939598
282,TTP,27.850000381469727,0.5041322314049587
283,TU,26.19499969482422,0.50331004045605
284,TWTR,33.345001220703125,0.5081730769230769
285,TX,40.290000915527344,0.506454816285998
286,TYG,32.68080139160156,0.5017905102954342
287,UAL,35.11000061035156,0.5001241619071269
288,USAC,17.81999969482422,0.5132978723404256
289,UTF,27.1200008392334,0.5307744719509425
290,UZB,25.34000015258789,0.5160866710439921
291,VAL,48.04999923706055,0.5607476635514018
292,VALE,19.4950008392334,0.5085461492057108
293,VEC,35.59000015258789,0.5173518419647624
294,VLP,42.2400016784668,0.507533703409992
295,WPZ,47.369998931884766,0.5077694235588972
296,WU,17.600000381469727,0.5058823529411764
297,ZOES,12.760000228881836,0.5017482517482518
