,Stock,Close,Prob
0,A,134.3300018310547,0.5166217430368374
1,AAN,21.649999618530273,0.515625
2,AAP,204.9199981689453,0.5097575399172087
3,AAT,36.7400016784668,0.511913357400722
4,ABB,32.95000076293945,0.5098115407033224
5,ABBV,149.1699981689453,0.5376906318082789
6,ABC,146.1699981689453,0.5097241067390321
7,ABG,185.5500030517578,0.508460918614021
8,ACC,54.459999084472656,0.5153037916857013
9,ACI,34.58000183105469,0.5452380952380952
10,ACM,74.91999816894531,0.5175961017866811
11,ACN,309.5199890136719,0.5238002720031086
12,ACP,9.710000038146973,0.5030211480362538
13,ACRE,14.779999732971191,0.5016764459346186
14,ADS,55.130001068115234,0.5134247633764729
15,AED,25.0,0.5083179297597042
16,AEE,87.55000305175781,0.5171548117154812
17,AEH,24.989999771118164,0.5170618854829381
18,AEL,38.52000045776367,0.5076615589606929
19,AET,212.6999969482422,0.504039339655778
20,AGD,10.600000381469727,0.5049557996249665
21,AHH,14.90999984741211,0.5064814814814815
22,AHL,42.7400016784668,0.5153186274509803
23,AIV,7.199999809265137,0.5028709579933515
24,AIZ,169.39999389648438,0.5273411556342705
25,AL,35.90999984741211,0.5042419771302102
26,ALB,188.3699951171875,0.5012512880906815
27,ALL,122.91000366210938,0.5031901318587835
28,ALLE,112.9000015258789,0.5298363811357074
29,ALLY,41.97999954223633,0.5172064777327935
30,ALSN,38.869998931884766,0.5213193885760258
31,ALV,74.02999877929688,0.5027552674230146
32,AMG,128.00999450683594,0.5077660277594184
33,AMH,39.15999984741211,0.5197926484448633
34,AMP,272.5400085449219,0.5204749212503029
35,AMT,232.8000030517578,0.5094529027940439
36,AMX,18.959999084472656,0.5010518263530311
37,ANET,120.91000366210938,0.5405960945529291
38,ANF,28.93000030517578,0.5049035115469788
39,ANTM,473.20001220703125,0.5209803921568628
40,AOD,9.1899995803833,0.5075779239348013
41,APAM,36.43000030517578,0.5004476275738585
42,APO,62.06999969482422,0.5162361623616236
43,ARE,191.3800048828125,0.5186946539849131
44,ARES,71.37000274658203,0.5010405827263268
45,ARMK,35.0,0.50293542074364
46,ASR,190.4600067138672,0.5068828964736941
47,ATR,112.26000213623047,0.5012168933428776
48,AVB,244.02000427246094,0.5060885060885061
49,AVIV,47.529998779296875,0.5137614678899083
50,AVK,15.0600004196167,0.5198084457988681
51,AWI,89.66000366210938,0.5097885669537979
52,AWK,153.1300048828125,0.5346220427005194
53,AYI,184.19000244140625,0.516663380003944
54,AZO,1867.9000244140625,0.5041606128648791
55,BABA,92.91999816894531,0.5015991471215352
56,BAH,83.81999969482422,0.5270848182466144
57,BBL,64.18000030517578,0.5214485880577711
58,BBN,22.239999771118164,0.516994633273703
59,BCC,75.63999938964844,0.5175166297117516
60,BEP,40.93000030517578,0.5001275835672365
61,BERY,56.81999969482422,0.521553563807085
62,BFAM,129.4499969482422,0.5245829675153644
63,BFK,13.140000343322754,0.5030624744793794
64,BG,109.75,0.5094597230349132
65,BGR,11.239999771118164,0.5091937765205092
66,BGS,26.68000030517578,0.5148785148785149
67,BIP,60.41999816894531,0.5207622298065984
68,BIT,15.739999771118164,0.5018570102135562
69,BKU,41.349998474121094,0.5075702956020187
70,BLK,697.2000122070312,0.5135520684736091
71,BLW,14.229999542236328,0.5003380662609872
72,BME,42.29999923706055,0.5020310633213859
73,BMO,114.80000305175781,0.5044937088076693
74,BNS,72.11000061035156,0.5275638427239562
75,BOE,10.789999961853027,0.5085671715917557
76,BOOT,88.83999633789062,0.5150027277686852
77,BR,145.66000366210938,0.5166219839142091
78,BRP,26.18000030517578,0.5160202360876898
79,BRX,25.079999923706055,0.5104217159476491
80,BST,41.58000183105469,0.5398230088495575
81,BTT,24.459999084472656,0.5008787346221442
82,BUI,23.93000030517578,0.5310372446936323
83,BURL,195.6199951171875,0.5118035882908404
84,BWP,12.050000190734863,0.5057766367137355
85,BX,116.86000061035156,0.5098360655737705
86,BXMX,13.300000190734863,0.5022798176145908
87,BXP,124.97000122070312,0.5061364752086401
88,CAPL,20.290000915527344,0.5036717062634989
89,CCI,176.1699981689453,0.500513522766176
90,CCS,61.59000015258789,0.500261917234154
91,CE,138.5800018310547,0.5217391304347826
92,CEO,121.76000213623047,0.5069776714513556
93,CF,97.25,0.5177970177970178
94,CFG,47.279998779296875,0.5217624932831811
95,CFX,38.16999816894531,0.51377210785735
96,CHGG,30.639999389648438,0.5284948855333658
97,CHH,135.22000122070312,0.504752698566135
98,CHK,80.86000061035156,0.5149253731343284
99,CHKR,1.1699999570846558,0.5313653136531366
100,CHT,43.77000045776367,0.5111208024422155
101,CIG,2.5799999237060547,0.5016244314489928
102,CII,19.829999923706055,0.5254747568318666
103,CIM,12.229999542236328,0.5038302887448438
104,CLB,33.58000183105469,0.500782962730974
105,CLR,59.5099983215332,0.5071294054344901
106,CM,124.75,0.5138888888888888
107,CMG,1469.030029296875,0.5149419609780193
108,CMP,60.68000030517578,0.5116894574327305
109,CMRE,16.059999465942383,0.5014409221902018
110,CNC,84.44000244140625,0.5172345483359746
111,CNI,127.69999694824219,0.5150789851603638
112,CNK,15.979999542236328,0.5031055900621118
113,CNO,23.219999313354492,0.5030701754385964
114,CNQ,60.220001220703125,0.5111028867505552
115,CNS,77.76000213623047,0.5192702394526796
116,CODI,22.610000610351562,0.5016931492576192
117,COF,130.25999450683594,0.5065031037540645
118,COUP,109.80999755859375,0.52689756816507
119,CRC,43.93000030517578,0.5253731343283582
120,CRI,95.4800033569336,0.5152838427947598
121,CRL,266.57000732421875,0.5237391464991686
122,CRM,200.14999389648438,0.5123873873873874
123,CTLT,98.33000183105469,0.5279241306638567
124,CUBE,49.40999984741211,0.5126404494382022
125,CUBS,23.97100067138672,0.521978021978022
126,CUK,16.329999923706055,0.5082458770614693
127,CVI,23.3700008392334,0.5025013896609227
128,CYS,7.309999942779541,0.5062011943040882
129,DAL,32.54999923706055,0.5078336034575905
130,DAN,16.850000381469727,0.5017123287671232
131,DEI,33.22999954223633,0.5138816134101624
132,DEO,178.24000549316406,0.5058557359595421
133,DEX,8.65999984741211,0.5004304160688666
134,DFP,25.350000381469727,0.5042613636363636
135,DFS,104.80000305175781,0.5193039695486678
136,DG,206.0800018310547,0.5138121546961326
137,DGX,135.97000122070312,0.5098039215686274
138,DHG,14.970000267028809,0.5327102803738317
139,DIAX,16.06999969482422,0.5207504263786242
140,DKL,41.369998931884766,0.5082179930795848
141,DKS,109.94000244140625,0.5130846898825469
142,DLB,71.51000213623047,0.5113983548766158
143,DLR,135.2899932861328,0.5334255417242969
144,DMB,12.979999542236328,0.5076997112608277
145,DMO,13.649999618530273,0.5051334702258727
146,DOC,16.760000228881836,0.5106282475200756
147,DOW,60.630001068115234,0.5067204301075269
148,DPG,15.100000381469727,0.5131527287004318
149,DPZ,393.1400146484375,0.5237986791163745
150,DSL,14.15999984741211,0.5115848007414272
151,DST,83.98999786376953,0.5013559934912313
152,DTK,25.479999542236328,0.5311324697033013
153,DUKH,25.280000686645508,0.5091698841698842
154,DV,22.809999465942383,0.502262443438914
155,DVA,111.41999816894531,0.5065495453844968
156,E,29.25,0.5128715905608335
157,EBS,39.540000915527344,0.5049738219895288
158,EC,17.65999984741211,0.504159239453357
159,EDF,5.760000228881836,0.5103168754605748
160,EDI,6.510000228881836,0.5048500881834215
161,EDU,1.1399999856948853,0.5047939880798135
162,EEQ,10.510000228881836,0.524356732450662
163,EFC,17.799999237060547,0.5034234234234234
164,EGL,29.100000381469727,0.5070118662351673
165,EIG,40.689998626708984,0.5010672358591248
166,ELU,25.079999923706055,0.5091819699499165
167,EMD,9.779999732971191,0.501941082438913
168,ENLK,12.050000190734863,0.5037821482602118
169,ENR,29.649999618530273,0.5118906064209274
170,ENS,75.05999755859375,0.5087639426360119
171,ENV,73.44999694824219,0.5137295794230101
172,EOI,17.860000610351562,0.5082319255547602
173,EOS,19.860000610351562,0.5173081578310337
174,EOT,19.920000076293945,0.5034035656401945
175,EPAM,188.75999450683594,0.5406584688615629
176,EPD,25.540000915527344,0.5133125864453665
177,ERF,13.59000015258789,0.5118140243902439
178,ESNT,40.86000061035156,0.5120192307692307
179,ESS,342.7300109863281,0.5094283593170007
180,ETB,16.450000762939453,0.5071499013806706
181,ETG,18.84000015258789,0.5282294489611563
182,ETO,27.040000915527344,0.5344352617079889
183,ETV,15.260000228881836,0.5124192747143567
184,ETW,9.90999984741211,0.5133264992311635
185,ETY,13.40999984741211,0.5145499048137068
186,EVHC,45.9900016784668,0.5234009360374415
187,EVR,111.30999755859375,0.5129132231404959
188,EVT,26.15999984741211,0.5348164627363737
189,EVTC,38.119998931884766,0.5027372262773723
190,EW,105.69999694824219,0.5235573411249087
191,EXG,9.100000381469727,0.5115168539325843
192,EXR,196.27999877929688,0.5221866422689845
193,FAF,66.5199966430664,0.5160190865712339
194,FBHS,84.29000091552734,0.5340214067278287
195,FCN,145.33999633789062,0.500241662638956
196,FDP,25.09000015258789,0.5022723447231106
197,FDS,407.0,0.5171108657940388
198,FE,44.029998779296875,0.5102653980971458
199,FEO,10.260000228881836,0.5051986137030126
200,FFA,19.31999969482422,0.5142520612485276
201,FFC,19.110000610351562,0.5155479305168347
202,FIF,14.569999694824219,0.5173489278752437
203,FIS,90.41000366210938,0.5166731291198139
204,FLC,19.93000030517578,0.507901179612731
205,FLR,29.079999923706055,0.505831452219714
206,FLT,230.85000610351562,0.5308948863636364
207,FMN,13.130000114440918,0.5006602112676056
208,FMO,12.119999885559082,0.5093529592149647
209,FMX,76.5999984741211,0.5047987876746927
210,FN,98.33999633789062,0.5087179487179487
211,FNF,46.77000045776367,0.5077300613496932
212,FNV,160.42999267578125,0.5129213483146068
213,FOF,12.800000190734863,0.5061124694376528
214,FPF,21.030000686645508,0.5155164427975915
215,FRC,163.7899932861328,0.5201282508015675
216,FTI,7.789999961853027,0.5052204176334106
217,G,41.47999954223633,0.5171745152354571
218,GBAB,19.690000534057617,0.5158124318429662
219,GBL,20.920000076293945,0.5003505082369436
220,GCH,12.369999885559082,0.515625
221,GDOT,26.350000381469727,0.5158511371467953
222,GDV,23.530000686645508,0.5238949966345076
223,GGZ,13.670000076293945,0.504343105320304
224,GIB,81.30000305175781,0.5004359197907585
225,GIL,37.34000015258789,0.5061538461538462
226,GLOB,225.3000030517578,0.5214659685863874
227,GME,100.55999755859375,0.5019057171514544
228,GMED,70.5,0.5228128924236082
229,GNRC,303.2099914550781,0.5207296849087893
230,GOF,18.93000030517578,0.5317211948790896
231,GPN,127.12000274658203,0.5283768444948922
232,GRX,12.25,0.5029957203994294
233,GS,329.8999938964844,0.5046255891080468
234,GTS,35.9900016784668,0.5024223425477344
235,GWB,30.8799991607666,0.5197585071350165
236,GWRE,89.6500015258789,0.5232833464877664
237,H,90.86000061035156,0.5142487046632125
238,HASI,48.0,0.5225307237141557
239,HBI,15.359999656677246,0.512674599068805
240,HCA,267.1000061035156,0.5163398692810458
241,HCC,42.75,0.5242001640689089
242,HCI,64.0,0.5079268292682927
243,HDB,57.33000183105469,0.5110545881432205
244,HEP,17.15999984741211,0.500341452310494
245,HEQ,12.40999984741211,0.5038550501156515
246,HHC,95.36000061035156,0.5135611130679817
247,HIE,10.699999809265137,0.5267003934794828
248,HIG,66.86000061035156,0.5050505050505051
249,HII,210.6699981689453,0.5323166303558461
250,HLF,33.79999923706055,0.5118881118881119
251,HLT,142.94000244140625,0.5121832358674464
252,HPF,18.200000762939453,0.5145860145860146
253,HPI,18.43000030517578,0.5208563231074818
254,HPP,27.389999389648438,0.5055210489993098
255,HPS,17.15999984741211,0.5172109443954104
256,HSEB,26.18000030517578,0.5327935222672064
257,HTA,30.610000610351562,0.52875
258,HTD,24.479999542236328,0.5238095238095238
259,HTGC,16.940000534057617,0.5001231830500124
260,HUBS,436.989990234375,0.5444743935309974
261,HY,34.900001525878906,0.5025380710659898
262,IAE,7.590000152587891,0.5001372495196267
263,IBP,99.87999725341797,0.5136612021857924
264,ICE,129.55999755859375,0.5135730007336757
265,IDE,10.760000228881836,0.5051159618008185
266,IGA,9.1899995803833,0.5083969465648855
267,IGR,8.170000076293945,0.5102468560782487
268,IHG,64.2699966430664,0.5145775696956799
269,IMPV,55.7400016784668,0.5155104342921601
270,INFY,23.84000015258789,0.5112703127730212
271,INGR,83.80000305175781,0.5128545364073644
272,IR,48.56999969482422,0.5244813278008299
273,ISG,24.850000381469727,0.504375218760938
274,ISP,26.15839958190918,0.5024067388688327
275,IT,281.0899963378906,0.5081896551724138
276,ITT,78.26000213623047,0.5027077208726598
277,ITUB,4.96999979019165,0.5024096385542168
278,IVR,2.259999990463257,0.5117932148626817
279,JBT,108.05999755859375,0.5195876288659794
280,JCE,15.609999656677246,0.5190818584070797
281,JGH,13.510000228881836,0.5069044879171462
282,JNPR,33.25,0.5041497439519689
283,JPI,22.219999313354492,0.5190252244548953
284,JPS,8.170000076293945,0.5006550218340612
285,JRI,14.5,0.5158597662771286
286,JSD,14.0,0.5054179566563467
287,KAR,17.969999313354492,0.5155217965653897
288,KB,44.380001068115234,0.5011811023622047
289,KBR,54.040000915527344,0.5106494872469103
290,KED,18.450000762939453,0.517170045510964
291,KEYS,146.49000549316406,0.5327913279132791
292,KIO,14.40999984741211,0.5126829268292683
293,KKR,53.45000076293945,0.5250173731758165
294,KN,21.219999313354492,0.5077306733167082
295,KRA,46.2400016784668,0.5045961917268549
296,KRC,73.56999969482422,0.5049553208773355
297,KRO,14.899999618530273,0.5003310527477378
298,KYN,8.760000228881836,0.5016226240148354
299,LDOS,103.0199966430664,0.5222629649030907
300,LDP,22.209999084472656,0.5029965753424658
301,LEA,138.1699981689453,0.521486268174475
302,LGI,16.649999618530273,0.5261707988980716
303,LII,255.99000549316406,0.5128433820906172
304,LL,15.5,0.5006993006993007
305,LYB,99.73999786376953,0.5223529411764706
306,LYV,111.55999755859375,0.5092982891148029
307,MA,324.5899963378906,0.5393541876892028
308,MAA,211.1699981689453,0.5023290758827949
309,MAIN,40.40999984741211,0.5285996055226825
310,MBT,5.5,0.500561377245509
311,MC,45.36000061035156,0.5283307810107197
312,MCK,280.1199951171875,0.5117551382522549
313,MCO,314.0,0.5038273116962645
314,MD,23.479999542236328,0.5094946401225114
315,MEG,52.209999084472656,0.5134474327628362
316,MET,64.27999877929688,0.5070474098480688
317,MFC,19.59000015258789,0.5058738478221579
318,MFD,9.699999809265137,0.5105299699143717
319,MGR,25.59000015258789,0.5070224719101124
320,MGU,23.440000534057617,0.5226205191594561
321,MHI,10.789999961853027,0.5020623281393217
322,MIC,3.7100000381469727,0.5076308992721296
323,MITT,8.970000267028809,0.5022970903522205
324,MMI,45.15999984741211,0.5151661049590756
325,MMP,49.900001525878906,0.5329638830498757
326,MMS,74.95999908447266,0.5065274151436031
327,MOH,316.2200012207031,0.512853470437018
328,MPC,77.93000030517578,0.5282948622486969
329,MPW,20.610000610351562,0.5200097608589556
330,MSCI,465.260009765625,0.5415968732551647
331,MSM,77.68000030517578,0.5006199628022319
332,MTCN,70.27999877929688,0.5235955056179775
333,MTD,1338.3399658203125,0.5234232742923357
334,MTDR,54.2599983215332,0.5061581247516885
335,MUSA,175.8000030517578,0.5249184909175594
336,MVO,12.25,0.500403117441548
337,NBB,19.8799991607666,0.5061468212153144
338,NBHC,41.59000015258789,0.5070182900893236
339,NCR,37.70000076293945,0.502234280242579
340,NCV,4.78000020980835,0.5097777777777778
341,NE,30.920000076293945,0.5026737967914439
342,NEP,79.83999633789062,0.5135699373695198
343,NEWR,61.790000915527344,0.5218836565096953
344,NFJ,13.699999809265137,0.5160349854227405
345,NGG,74.44000244140625,0.516642547033285
346,NIE,25.549999237060547,0.5298426478567553
347,NLY,7.159999847412109,0.503179240419316
348,NMFC,13.710000038146973,0.5007824726134585
349,NOV,21.90999984741211,0.501269035532995
350,NOW,533.5900268554688,0.5413070283600493
351,NPO,101.08000183105469,0.5057680631451124
352,NRG,37.650001525878906,0.5106100795755968
353,NRZ,10.329999923706055,0.5101476014760148
354,NS,16.6299991607666,0.5029836381135707
355,NSM,18.270000457763672,0.5003154574132492
356,NSP,87.48999786376953,0.5005660682516577
357,NSS,24.579999923706055,0.502542764678687
358,NVS,82.97000122070312,0.507481693728112
359,NWE,60.380001068115234,0.5241457215475854
360,O,64.81999969482422,0.5036630036630036
361,OAS,147.69000244140625,0.5108135942327497
362,OC,88.94000244140625,0.5224308815858112
363,OEC,16.34000015258789,0.5045478865703584
364,OGS,86.06999969482422,0.5292383292383293
365,OIS,7.71999979019165,0.5005742725880551
366,ORA,77.30000305175781,0.5234465234465234
367,ORC,3.4800000190734863,0.5030274802049371
368,P,8.380000114440918,0.5093134646088345
369,PAA,11.199999809265137,0.5081421817545089
370,PAC,127.76000213623047,0.5162256615077384
371,PANW,551.8499755859375,0.5320380322447292
372,PAY,20.600000381469727,0.5204081632653061
373,PAYC,309.6700134277344,0.5587493696419567
374,PBA,36.810001373291016,0.5061684878392668
375,PBF,24.760000228881836,0.5049805110437419
376,PBH,56.7400016784668,0.5058934464875059
377,PBR,14.170000076293945,0.5099981311904317
378,PCN,15.140000343322754,0.5252237591537836
379,PDI,23.200000762939453,0.5454924874791319
380,PEB,23.049999237060547,0.5009868421052631
381,PF,66.66000366210938,0.5400144196106705
382,PFG,65.55999755859375,0.5191589703281587
383,PFL,10.109999656677246,0.5112016293279023
384,PGP,8.789999961853027,0.5085995085995086
385,PGZ,14.9399995803833,0.5172413793103449
386,PHK,5.670000076293945,0.5211769950958538
387,PHT,8.210000038146973,0.5183784919134635
388,PKG,149.00999450683594,0.5101929377502731
389,PLD,151.0800018310547,0.512001352265044
390,PM,91.88999938964844,0.5118809046664758
391,PMF,12.989999771118164,0.5002025111381126
392,PMT,16.260000228881836,0.5119354838709678
393,PNK,32.54999923706055,0.5300813008130081
394,POR,54.47999954223633,0.5253467843631778
395,POST,100.2699966430664,0.5059335443037974
396,PRI,126.8499984741211,0.5288169868554095
397,PRLB,53.099998474121094,0.5175298804780877
398,PRO,30.84000015258789,0.5122353588122078
399,PRU,106.1500015258789,0.5112470402525651
400,PSF,22.149999618530273,0.5107311749727174
401,PSX,81.20999908447266,0.5217917675544794
402,PSXP,42.0099983215332,0.5002322340919647
403,PTY,14.539999961853027,0.5367788977053399
404,PUK,28.43000030517578,0.505362426035503
405,PWR,121.05000305175781,0.5066308544569414
406,QTWO,57.65999984741211,0.51386787695411
407,RBA,57.75,0.5005981883438728
408,RDY,50.560001373291016,0.503273007316134
409,REXR,69.91999816894531,0.5382808830436825
410,RGA,100.94999694824219,0.530074074074074
411,RGT,10.619999885559082,0.5070778564206269
412,RH,340.739990234375,0.512143161482744
413,RLJ,13.420000076293945,0.5043055035567203
414,RM,44.790000915527344,0.5040420371867421
415,RMAX,28.530000686645508,0.5031145184475323
416,RMD,242.6199951171875,0.5133632009887223
417,RNG,110.75,0.5157593123209169
418,RNP,24.479999542236328,0.526705908000872
419,ROP,436.3900146484375,0.5054310463357624
420,RQI,15.739999771118164,0.5200741198270538
421,RSG,126.79000091552734,0.515748031496063
422,RSPP,47.83000183105469,0.52
423,RY,108.27999877929688,0.5122628412771865
424,RYI,33.150001525878906,0.5043478260869565
425,SAIC,88.81999969482422,0.5422369042000944
426,SAP,108.51000213623047,0.5098398169336384
427,SBS,8.34000015258789,0.5006132461161079
428,SC,41.599998474121094,0.5017703591299949
429,SCD,14.039999961853027,0.5139715987173614
430,SCG,47.779998779296875,0.5156431054461182
431,SCM,13.850000381469727,0.5099425541316837
432,SE,98.94999694824219,0.5087076076993584
433,SEM,24.110000610351562,0.501807426881367
434,SFY,15.199999809265137,0.5476190476190477
435,SGF,13.59000015258789,0.5130890052356021
436,SHG,30.049999237060547,0.5072873613226017
437,SHO,11.25,0.5056232427366448
438,SIX,39.5,0.505922165820643
439,SJR,30.200000762939453,0.5003432887058016
440,SKX,37.869998931884766,0.5051638176638177
441,SLCA,15.329999923706055,0.5097106619104241
442,SLF,52.58000183105469,0.5129286631212177
443,SLG,78.94000244140625,0.5098461029290088
444,SNI,90.04000091552734,0.5121249486230991
445,SNN,30.90999984741211,0.5086066316361659
446,SNOW,197.85000610351562,0.5202156334231806
447,SNP,44.72999954223633,0.505607476635514
448,SNX,107.25,0.5244678516567918
449,SNY,51.400001525878906,0.5047832281701607
450,SPG,132.61000061035156,0.50521675238795
451,SPR,42.540000915527344,0.518236683285227
452,SPXX,17.010000228881836,0.5090630584631095
453,SRC,46.58000183105469,0.5129421915444349
454,SRE,155.27999877929688,0.5168481960517358
455,SSTK,90.83999633789062,0.5159642401021711
456,ST,53.119998931884766,0.5126835781041389
457,STAG,39.61000061035156,0.525923162998881
458,STE,222.0,0.5008291873963516
459,STK,29.389999389648438,0.5200929923613418
460,STN,49.97999954223633,0.5066893699829725
461,STOR,29.43000030517578,0.5349092908191314
462,STWD,23.0,0.5123537061118335
463,SUN,42.08000183105469,0.5023494233233661
464,SWI,11.289999961853027,0.5173237753882916
465,SYF,35.43000030517578,0.517114270668773
466,SZC,43.97999954223633,0.5101162290142057
467,TAL,2.440000057220459,0.5150869719559815
468,TD,76.95999908447266,0.5119480930526982
469,TDC,45.22999954223633,0.510797342192691
470,TDG,633.6799926757812,0.5325842696629214
471,TDY,425.07000732421875,0.5116906474820144
472,TEL,130.2899932861328,0.5109607577807849
473,THG,137.6199951171875,0.5101853270026038
474,THQ,21.260000228881836,0.5072308516336369
475,THR,18.1299991607666,0.5035224323322209
476,THS,33.970001220703125,0.506934481109517
477,TMHC,30.540000915527344,0.5047276001800991
478,TMUS,123.54000091552734,0.5136081918620318
479,TNET,86.3499984741211,0.5244825845532559
480,TPH,22.229999542236328,0.5092592592592593
481,TPVG,17.049999237060547,0.5050813008130082
482,TPX,31.81999969482422,0.5207373271889401
483,TPZ,14.1899995803833,0.5016244314489928
484,TREX,76.2300033569336,0.5100070224719101
485,TRGP,69.68000030517578,0.5229129662522203
486,TRI,103.29000091552734,0.5137502546343451
487,TRNO,69.75,0.5131136516476127
488,TRUP,84.5,0.5013178703215604
489,TS,28.850000381469727,0.5144701228398917
490,TSE,48.099998474121094,0.5057172557172557
491,TSLX,23.1299991607666,0.5103305785123967
492,TTP,28.0,0.5043307086614173
493,TU,26.030000686645508,0.5032186867757955
494,TW,83.26000213623047,0.5346938775510204
495,TWTR,34.119998931884766,0.5084175084175084
496,TX,40.400001525878906,0.5065805810777253
497,TYG,32.720001220703125,0.5019028430714125
498,UAL,35.20000076293945,0.5002483854942872
499,URI,321.25,0.5073211314475874
500,USAC,17.75,0.5130820399113082
501,UTF,27.010000228881836,0.5306678782371649
502,UZB,25.34000015258789,0.5160866710439921
503,V,197.97000122070312,0.5353881278538812
504,VAC,152.1300048828125,0.5174418604651163
505,VAL,46.88999938964844,0.5586854460093896
506,VALE,19.309999465942383,0.5084473049074819
507,VC,104.87000274658203,0.5167949615115466
508,VCRA,79.12999725341797,0.5018329938900203
509,VEC,36.09000015258789,0.5176282051282052
510,VEEV,184.35000610351562,0.5391551969625059
511,VLP,42.2400016784668,0.507533703409992
512,VMW,114.01000213623047,0.5224411603721949
513,VOYA,62.619998931884766,0.528054298642534
514,VR,67.98999786376953,0.5048076923076923
515,VRTV,116.95999908447266,0.509147935180345
516,VTR,58.86000061035156,0.509115014915479
517,W,120.7300033569336,0.5241416309012875
518,WAL,84.79000091552734,0.5045893719806763
519,WAT,319.5899963378906,0.5152443695419029
520,WCC,116.38999938964844,0.5044420753375978
521,WCN,133.67999267578125,0.5143149284253579
522,WD,132.25999450683594,0.5100430416068866
523,WDAY,228.4499969482422,0.5299109036911328
524,WEX,164.27000427246094,0.5229615745079662
525,WK,100.13999938964844,0.5311973018549747
526,WLK,117.58000183105469,0.5138636363636364
527,WLL,84.08000183105469,0.5100788781770377
528,WMS,112.5199966430664,0.5136290753607696
529,WPC,79.23999786376953,0.5057842803674719
530,WPZ,47.369998931884766,0.5077694235588972
531,WTW,224.52000427246094,0.5059165858389912
532,WU,17.559999465942383,0.5057531380753139
533,XYL,83.2300033569336,0.5138674884437596
534,YUM,115.81999969482422,0.5125389280445829
535,ZEN,118.93000030517578,0.5344915687276444
536,ZOES,12.760000228881836,0.5017482517482518
537,ZTS,189.22000122070312,0.5286596119929453
